 0.8699723
 1.581329
 1.722508
 1.209635
 1.489371
 1.807894
 0.6471734
 0.5902012
 0.5377938
 0.315357
 1.828677
 1.593523
 3.209893
 2.641285
 0.9038291
 0.9537038
 3.499574
 0.05302242
 1.527171
 1.282982
 1.314888
 1.002071
 0.2583731
 0.5577822
 0.6145691
 1.010836
 1.173165
 0.0514113
 1.051183
 0.09144107
 1.544848
 1.961231
 0.2252232
 0.3005531
 1.588326
 0.590561
 0.05216933
 0.496419
 0.2404493
 0.2195197
 0.4614993
 0.8828174
 0.5920336
 0.4203142
 2.283375
 0.7618211
 0.2555792
 1.46211
 0.1191988
 1.895466
 0.6933234
 0.8570461
 0.8084732
 0.5594058
 0.7783566
 0.5039399
 0.8898917
 0.07272001
 2.436692
 2.981597
 0.5079502
 0.9449999
 1.905193
 0.6768607
 2.265675
 1.999669
 0.4523924
 1.257176
 0.6450313
 0.09127166
 0.9779857
 0.7885426
 1.228192
 2.32999
 1.265583
 0.192786
 0.3047272
 0.9867358
 0.9360558
 1.552913
 0.08995665
 0.22227
 1.751064
 1.301624
 1.543901
 2.509582
 3.287273
 0.1518212
 0.9420634
 0.3185828
 0.8161045
 0.4760805
 0.5402114
 1.063766
 0.03302566
 2.452188
 0.327209
 1.407562
 0.772547
 4.484631
 0.05225295
 1.133343
 0.1340031
 0.4806795
 0.5608425
 0.651877
 0.9408133
 0.001311641
 0.7067217
 2.960921
 0.8773603
 0.262664
 0.3356911
 0.7205248
 0.3874987
 0.4187671
 1.32053
 0.03667055
 0.933732
 0.7038676
 0.3500084
 0.3917337
 0.1242928
 0.9042747
 2.691783
 3.801927
 0.4882518
 1.480357
 0.02006787
 0.1518658
 0.8157826
 3.183951
 0.004361962
 2.614422
 0.2821221
 0.04331971
 0.06882153
 0.3670209
 0.06476923
 0.6494321
 0.7628713
 0.9179944
 1.202808
 0.5996321
 0.1945285
 1.106956
 1.34645
 1.64928
 0.481995
 1.369783
 0.3395356
 1.281343
 2.156213
 9.571678
 1.605592
 1.010148
 0.59288
 0.7150297
 2.850962
 0.6283162
 0.2385057
 1.155437
 1.634102
 0.9800533
 0.1926874
 0.1295096
 2.115923
 0.6224096
 0.04466839
 3.217771
 3.421067
 0.5346931
 1.675352
 1.165609
 0.4327919
 3.304382
 0.1088591
 0.8420474
 1.398016
 0.7059418
 0.0858327
 0.5758103
 4.04562
 0.9713951
 0.9712808
 0.683981
 2.214638
 3.433552
 0.3853168
 2.823337
 1.567873
 1.964361
 0.1615296
 0.6363663
 1.442916
 1.659006
 0.05660949
 0.8992491
 0.1096958
 0.9470741
 1.44345
 0.345185
 0.6344342
 2.228833
 0.9112987
 0.3001269
 3.19465
 0.5824946
 0.001462823
 0.06867808
 0.7720678
 0.5885069
 0.004251022
 0.4841487
 2.028771
 1.059323
 0.671729
 2.735697
 1.752674
 1.429486
 3.523776
 0.5351087
 0.8104672
 0.2180472
 0.2970113
 0.6983994
 0.6263831
 1.229029
 0.5965541
 0.7819522
 5.017027
 0.2194906
 0.03450514
 0.002590861
 1.050187
 2.79822
 1.306406
 0.1154946
 1.390428
 0.6541219
 0.5303368
 1.353611
 2.91798
 0.6884844
 0.5235733
 0.3530729
 1.558665
 0.2296388
 0.05743418
 1.238651
 0.7651006
 0.173057
 1.318364
 0.1987823
 0.9652756
 0.3892922
